
####################
#     deletion     #
####################

max_len = 2
==============================================================================================================
error_prob  acc   acc2  acc2_nn   unique_msg  unique_msg_nn   avg_len avg_len_nn  max_rep max_rep_nn  act_vs  
0.05        0.83  0.63  0.63      15.67       21.67           1.71    1.62        1.28    1.28        8.33    
0.10        0.73  0.53  0.53      8.33        15.33           1.68    1.51        1.01    1.01        9.33    
0.15        0.77  0.58  0.58      13.33       21.67           1.89    1.61        1.27    1.27        9.00    
0.20        0.72  0.55  0.55      8.00        15.00           1.71    1.36        1.23    1.23        8.67    
0.25        0.63  0.46  0.46      6.67        12.00           1.54    1.16        1.19    1.19        7.67    
0.30        0.68  0.47  0.47      10.00       17.00           1.74    1.22        1.24    1.24        8.50    
==============================================================================================================

max_len = 3
==============================================================================================================
error_prob  acc   acc2  acc2_nn   unique_msg  unique_msg_nn   avg_len avg_len_nn  max_rep max_rep_nn  act_vs  
0.05        0.79  0.67  0.67      10.33       22.33           2.29    2.18        1.54    1.54        8.00    
0.10        0.71  0.57  0.57      10.33       20.33           2.29    2.07        1.60    1.60        5.00    
0.15        0.69  0.54  0.54      7.67        16.67           2.17    1.85        1.61    1.61        7.67    
0.20        0.70  0.60  0.60      8.00        25.00           2.41    1.94        1.73    1.73        8.67    
0.25        0.68  0.49  0.49      7.67        15.33           1.66    1.24        1.20    1.20        8.00    
0.30        0.59  0.51  0.51      5.33        17.00           2.27    1.59        1.63    1.63        7.67    
==============================================================================================================

max_len = 4
==============================================================================================================
error_prob  acc   acc2  acc2_nn   unique_msg  unique_msg_nn   avg_len avg_len_nn  max_rep max_rep_nn  act_vs  
0.05        0.78  0.60  0.60      8.33        19.67           2.19    2.08        1.47    1.47        7.00    
0.10        0.68  0.55  0.55      9.00        32.00           2.76    2.47        1.68    1.68        6.67    
0.15        0.82  0.76  0.76      13.33       46.33           2.81    2.40        2.01    2.01        9.00    
0.20        0.76  0.67  0.67      13.00       38.67           2.72    2.18        2.12    2.12        7.33    
0.25        0.61  0.48  0.48      5.67        18.67           2.31    1.74        1.72    1.72        6.33    
0.30        0.68  0.58  0.58      8.33        27.67           2.58    1.80        1.95    1.95        7.67    
==============================================================================================================

max_len = 5
==============================================================================================================
error_prob  acc   acc2  acc2_nn   unique_msg  unique_msg_nn   avg_len avg_len_nn  max_rep max_rep_nn  act_vs  
0.05        0.78  0.61  0.61      8.67        26.00           2.43    2.31        1.49    1.49        6.67    
0.10        0.78  0.71  0.71      11.67       43.33           3.15    2.84        2.11    2.11        8.67    
0.15        0.69  0.62  0.62      6.67        19.00           2.75    2.33        2.37    2.37        6.00    
0.20        0.66  0.62  0.62      8.00        25.67           2.43    1.95        2.14    2.14        6.67    
0.25        0.72  0.59  0.59      14.67       40.67           2.32    1.73        1.83    1.83        8.33    
0.30        0.64  0.59  0.59      11.00       41.00           3.13    2.18        2.46    2.46        7.33    
==============================================================================================================

max_len = 8
==============================================================================================================
error_prob  acc   acc2  acc2_nn   unique_msg  unique_msg_nn   avg_len avg_len_nn  max_rep max_rep_nn  act_vs  
0.05        0.85  0.74  0.74      24.33       80.00           4.73    4.49        3.47    3.47        8.00    
0.10        0.80  0.74  0.74      31.67       118.00          4.73    4.26        3.34    3.34        5.67    
0.15        0.65  0.50  0.50      7.00        16.00           1.67    1.43        1.41    1.41        6.33    
0.20        0.66  0.59  0.59      6.67        36.00           3.01    2.43        2.23    2.23        7.67    
0.25        0.68  0.67  0.67      6.33        36.67           4.22    3.17        3.63    3.63        7.67    
0.30        0.68  0.67  0.67      6.50        53.50           4.61    3.26        3.64    3.64        8.50    
==============================================================================================================

####################
#     erasure      #
####################

max_len = 2
==============================================================================================================
error_prob  acc   acc2  acc2_nn   unique_msg  unique_msg_nn   avg_len avg_len_nn  max_rep max_rep_nn  act_vs  
0.05        0.81  0.53  0.53      12.33       27.00           1.96    1.96        1.20    1.20        9.67    
0.10        0.84  0.37  0.37      17.00       33.00           1.81    1.81        1.16    1.16        9.50    
0.15        0.78  0.49  0.49      11.33       25.00           1.68    1.68        1.25    1.25        8.67    
0.20        0.73  0.44  0.44      15.00       29.00           1.69    1.69        1.05    1.05        8.67    
0.25        0.69  0.37  0.37      7.00        17.50           1.48    1.48        1.00    1.00        7.50    
0.30        0.54  0.23  0.23      6.67        15.33           1.75    1.75        1.03    1.03        6.33    
==============================================================================================================

max_len = 3
==============================================================================================================
error_prob  acc   acc2  acc2_nn   unique_msg  unique_msg_nn   avg_len avg_len_nn  max_rep max_rep_nn  act_vs  
0.05        0.81  0.53  0.53      12.00       39.67           2.54    2.54        1.57    1.57        8.67    
0.10        0.73  0.53  0.53      10.00       42.00           2.58    2.58        1.71    1.71        6.50    
0.15        0.82  0.58  0.58      16.33       57.33           2.08    2.08        1.42    1.42        8.67    
0.20        0.82  0.53  0.53      13.00       57.50           2.61    2.61        1.61    1.61        8.00    
0.25        0.76  0.55  0.55      10.50       48.00           2.47    2.47        1.64    1.64        8.00    
0.30        0.69  0.48  0.48      10.50       47.00           2.29    2.29        1.64    1.64        7.50    
==============================================================================================================

max_len = 4
==============================================================================================================
error_prob  acc   acc2  acc2_nn   unique_msg  unique_msg_nn   avg_len avg_len_nn  max_rep max_rep_nn  act_vs  
0.05        0.83  0.60  0.60      19.33       76.00           3.40    3.40        1.83    1.83        7.67    
0.10        0.83  0.65  0.65      17.00       87.67           3.27    3.27        2.03    2.03        7.67    
0.15        0.71  0.53  0.53      7.50        56.50           2.88    2.88        1.55    1.55        8.00    
0.20        0.78  0.64  0.64      8.00        63.00           2.71    2.71        1.77    1.77        9.00    
0.25        0.82  0.62  0.62      19.00       108.00          2.71    2.71        1.88    1.88        8.00    
0.30        0.72  0.55  0.55      9.00        83.33           3.44    3.44        2.39    2.39        8.00    
==============================================================================================================

max_len = 5
==============================================================================================================
error_prob  acc   acc2  acc2_nn   unique_msg  unique_msg_nn   avg_len avg_len_nn  max_rep max_rep_nn  act_vs  
0.05        0.84  0.70  0.70      14.33       76.00           3.76    3.76        2.11    2.11        8.33    
0.10        0.79  0.70  0.70      18.33       129.33          4.42    4.42        2.71    2.71        7.67    
0.15        0.70  0.59  0.59      8.00        85.33           3.42    3.42        2.08    2.08        8.00    
0.20        0.75  0.62  0.62      8.00        134.00          4.30    4.30        1.88    1.88        8.50    
0.25        0.79  0.53  0.53      11.00       118.00          3.15    3.15        2.13    2.13        7.50    
0.30        0.77  0.64  0.64      11.33       163.67          3.74    3.74        2.57    2.57        7.00    
==============================================================================================================

max_len = 8
==============================================================================================================
error_prob  acc   acc2  acc2_nn   unique_msg  unique_msg_nn   avg_len avg_len_nn  max_rep max_rep_nn  act_vs  
0.05        0.83  0.65  0.65      11.67       66.00           3.70    3.70        2.86    2.86        6.67    
0.10        0.87  0.77  0.77      19.50       223.50          5.73    5.73        3.99    3.99        7.00    
0.15        0.75  0.58  0.58      7.50        101.50          3.36    3.36        1.97    1.97        5.50    
0.20        0.73  0.64  0.64      17.00       262.67          5.04    5.04        3.29    3.29        5.67    
0.25        0.74  0.59  0.59      21.00       291.67          4.36    4.36        3.02    3.02        5.00    
0.30        0.71  0.53  0.53      15.67       299.67          5.06    5.06        2.48    2.48        6.33    
==============================================================================================================

####################
#    symmetric     #
####################

max_len = 2
==============================================================================================================
error_prob  acc   acc2  acc2_nn   unique_msg  unique_msg_nn   avg_len avg_len_nn  max_rep max_rep_nn  act_vs  
0.05        0.77  0.20  0.20      10.67       47.00           1.64    1.64        1.07    1.07        7.33    
0.10        0.82  0.11  0.11      14.00       63.00           1.42    1.42        0.97    0.97        8.67    
0.15        0.72  0.12  0.12      9.67        65.00           1.42    1.42        1.05    1.05        7.67    
0.20        0.76  0.07  0.07      10.33       69.33           1.35    1.35        0.97    0.97        8.00    
0.25        0.72  0.07  0.07      9.67        73.67           1.40    1.40        0.86    0.86        8.00    
0.30        0.61  0.10  0.10      5.33        68.00           1.32    1.32        0.90    0.90        4.33    
==============================================================================================================

max_len = 3
==============================================================================================================
error_prob  acc   acc2  acc2_nn   unique_msg  unique_msg_nn   avg_len avg_len_nn  max_rep max_rep_nn  act_vs  
0.05        0.81  0.45  0.45      12.00       98.00           2.45    2.45        1.43    1.43        8.50    
0.10        0.78  0.26  0.26      9.33        119.00          2.25    2.25        1.47    1.47        7.33    
0.15        0.81  0.25  0.25      13.33       170.00          2.25    2.25        1.35    1.35        8.67    
0.20        0.71  0.36  0.36      7.33        187.67          2.41    2.41        1.44    1.44        7.67    
0.25        0.70  0.15  0.15      8.67        224.33          2.43    2.43        1.69    1.69        8.33    
0.30        0.67  0.10  0.10      5.67        152.33          1.63    1.63        0.96    0.96        5.67    
==============================================================================================================

max_len = 4
==============================================================================================================
error_prob  acc   acc2  acc2_nn   unique_msg  unique_msg_nn   avg_len avg_len_nn  max_rep max_rep_nn  act_vs  
0.05        0.74  0.66  0.66      7.00        79.00           2.59    2.59        2.12    2.12        6.00    
0.10        0.64  0.25  0.25      8.00        116.67          2.48    2.48        1.33    1.33        6.67    
0.15        0.69  0.35  0.35      8.00        148.33          2.36    2.36        1.40    1.40        7.00    
0.20        0.69  0.27  0.27      7.33        128.67          1.85    1.85        1.23    1.23        7.00    
0.25        0.74  0.41  0.41      10.33       308.67          2.95    2.95        1.93    1.93        8.67    
0.30        0.64  0.22  0.22      4.67        174.33          1.88    1.88        1.10    1.10        5.00    
==============================================================================================================

max_len = 5
==============================================================================================================
error_prob  acc   acc2  acc2_nn   unique_msg  unique_msg_nn   avg_len avg_len_nn  max_rep max_rep_nn  act_vs  
0.05        0.85  0.71  0.71      32.33       178.00          4.04    4.04        2.63    2.63        6.67    
0.10        0.76  0.51  0.51      11.67       220.00          3.83    3.83        2.08    2.08        7.67    
0.15        0.72  0.47  0.47      16.00       263.00          3.36    3.36        2.03    2.03        8.67    
0.20        0.62  0.40  0.40      7.00        198.33          2.36    2.36        1.49    1.49        5.67    
0.25        0.74  0.37  0.37      8.67        327.67          3.06    3.06        1.96    1.96        6.33    
0.30        0.74  0.29  0.29      10.00       329.33          2.70    2.70        1.63    1.63        7.33    
==============================================================================================================

max_len = 8
==============================================================================================================
error_prob  acc   acc2  acc2_nn   unique_msg  unique_msg_nn   avg_len avg_len_nn  max_rep max_rep_nn  act_vs  
0.05        0.75  0.63  0.63      7.67        145.00          4.39    4.39        2.20    2.20        7.67    
0.10        0.62  0.41  0.41      9.33        182.33          3.61    3.61        2.28    2.28        6.67    
0.15        0.67  0.46  0.46      5.67        290.33          4.19    4.19        2.85    2.85        6.00    
0.20        0.65  0.43  0.43      5.33        232.00          2.84    2.84        1.86    1.86        6.00    
0.25        0.66  0.59  0.59      6.00        414.00          4.21    4.21        2.86    2.86        6.67    
0.30        0.76  0.67  0.67      14.00       556.00          4.67    4.67        3.10    3.10        8.00    
==============================================================================================================