
####################
#     erasure      #
####################

max_len = 2
==============================================================================================================
error_prob  acc   acc2  acc2_nn   unique_msg  unique_msg_nn   avg_len avg_len_nn  max_rep max_rep_nn  act_vs  
0.00        0.81  0.81  0.81      35.20       35.20           1.81    1.81        1.08    1.08        10.00   
0.05        0.82  0.80  0.80      51.60       33.00           1.74    1.74        1.09    1.09        11.00   
0.10        0.80  0.78  0.78      47.00       28.00           1.62    1.62        1.11    1.11        11.00   
0.15        0.80  0.78  0.78      46.20       27.40           1.68    1.68        1.09    1.09        11.00   
0.20        0.80  0.75  0.75      48.60       28.80           1.72    1.72        1.16    1.16        11.00   
0.25        0.80  0.75  0.75      43.40       24.60           1.60    1.60        1.09    1.09        11.00   
0.30        0.78  0.72  0.72      43.80       24.80           1.57    1.57        1.10    1.10        11.00   
==============================================================================================================

max_len = 3
==============================================================================================================
error_prob  acc   acc2  acc2_nn   unique_msg  unique_msg_nn   avg_len avg_len_nn  max_rep max_rep_nn  act_vs  
0.00        0.82  0.83  0.83      44.80       44.80           2.23    2.23        1.26    1.26        10.00   
0.05        0.83  0.83  0.83      103.60      42.00           2.50    2.50        1.46    1.46        11.00   
0.10        0.82  0.82  0.82      115.20      38.60           2.29    2.29        1.37    1.37        11.00   
0.15        0.81  0.80  0.80      117.20      38.20           2.24    2.24        1.42    1.42        11.00   
0.20        0.81  0.81  0.81      112.00      32.40           2.22    2.22        1.42    1.42        11.00   
0.25        0.83  0.80  0.80      121.60      36.60           2.24    2.24        1.37    1.37        10.80   
0.30        0.80  0.78  0.78      116.00      34.20           2.24    2.24        1.36    1.36        11.00   
==============================================================================================================

max_len = 4
==============================================================================================================
error_prob  acc   acc2  acc2_nn   unique_msg  unique_msg_nn   avg_len avg_len_nn  max_rep max_rep_nn  act_vs  
0.00        0.83  0.84  0.84      46.20       46.20           2.50    2.50        1.44    1.44        9.80    
0.05        0.84  0.85  0.85      119.80      43.20           2.48    2.48        1.46    1.46        11.00   
0.10        0.81  0.83  0.83      157.20      43.00           2.64    2.64        1.58    1.58        11.00   
0.15        0.81  0.81  0.81      185.40      40.20           2.70    2.70        1.59    1.59        11.00   
0.20        0.81  0.79  0.79      209.20      39.00           2.76    2.76        1.60    1.60        11.00   
0.25        0.80  0.81  0.81      218.20      37.60           2.70    2.70        1.59    1.59        11.00   
0.30        0.78  0.77  0.77      208.80      36.60           2.41    2.41        1.41    1.41        11.00   
==============================================================================================================

max_len = 5
==============================================================================================================
error_prob  acc   acc2  acc2_nn   unique_msg  unique_msg_nn   avg_len avg_len_nn  max_rep max_rep_nn  act_vs  
0.00        0.83  0.83  0.83      40.80       40.80           2.22    2.22        1.29    1.29        10.00   
0.05        0.81  0.79  0.79      131.60      45.00           2.65    2.65        1.53    1.53        11.00   
0.10        0.79  0.79  0.79      163.20      39.20           2.77    2.77        1.61    1.61        10.80   
0.15        0.82  0.83  0.83      235.60      44.40           3.04    3.04        1.73    1.73        10.80   
0.20        0.79  0.80  0.80      275.40      41.20           3.07    3.07        1.76    1.76        10.80   
0.25        0.79  0.79  0.79      314.40      39.80           3.28    3.28        1.75    1.75        11.00   
0.30        0.77  0.78  0.78      247.60      33.80           2.80    2.80        1.49    1.49        10.80   
==============================================================================================================

max_len = 8
==============================================================================================================
error_prob  acc   acc2  acc2_nn   unique_msg  unique_msg_nn   avg_len avg_len_nn  max_rep max_rep_nn  act_vs  
0.00        0.81  0.82  0.82      43.60       43.60           2.09    2.09        1.24    1.24        10.00   
0.05        0.82  0.81  0.81      129.60      44.60           2.68    2.68        1.48    1.48        10.80   
0.10        0.79  0.78  0.78      158.80      41.40           2.65    2.65        1.42    1.42        10.80   
0.15        0.84  0.84  0.84      208.00      41.80           2.70    2.70        1.55    1.55        11.00   
0.20        0.79  0.78  0.78      302.80      40.00           3.33    3.33        1.76    1.76        10.80   
0.25        0.81  0.80  0.80      348.20      43.00           3.24    3.24        1.74    1.74        11.00   
0.30        0.80  0.81  0.81      419.40      41.20           3.64    3.64        1.92    1.92        11.00   
==============================================================================================================

####################
#    symmetric     #
####################

max_len = 2
==============================================================================================================
error_prob  acc   acc2  acc2_nn   unique_msg  unique_msg_nn   avg_len avg_len_nn  max_rep max_rep_nn  act_vs  
0.00        0.81  0.81  0.81      35.20       35.20           1.81    1.81        1.08    1.08        10.00   
0.05        0.79  0.77  0.77      71.20       30.80           1.61    1.61        1.05    1.05        10.00   
0.10        0.78  0.76  0.76      77.00       26.20           1.47    1.47        1.02    1.02        10.00   
0.15        0.77  0.74  0.74      83.00       27.20           1.46    1.46        0.99    0.99        10.00   
0.20        0.75  0.72  0.72      83.20       22.00           1.34    1.34        0.92    0.92        10.00   
0.25        0.75  0.69  0.69      85.40       23.20           1.41    1.41        0.99    0.99        10.00   
0.30        0.74  0.69  0.69      85.40       21.40           1.28    1.28        0.90    0.90        10.00   
==============================================================================================================

max_len = 3
==============================================================================================================
error_prob  acc   acc2  acc2_nn   unique_msg  unique_msg_nn   avg_len avg_len_nn  max_rep max_rep_nn  act_vs  
0.00        0.82  0.83  0.83      44.80       44.80           2.23    2.23        1.26    1.26        10.00   
0.05        0.82  0.81  0.81      152.20      40.40           2.31    2.31        1.38    1.38        10.00   
0.10        0.80  0.80  0.80      178.40      32.80           1.92    1.92        1.33    1.33        10.00   
0.15        0.77  0.75  0.75      229.40      31.80           1.95    1.95        1.25    1.25        10.00   
0.20        0.76  0.76  0.76      263.20      30.80           1.97    1.97        1.24    1.24        10.00   
0.25        0.75  0.73  0.73      290.00      27.20           1.95    1.95        1.20    1.20        10.00   
0.30        0.75  0.71  0.71      292.40      27.80           1.82    1.82        1.18    1.18        10.00   
==============================================================================================================

max_len = 4
==============================================================================================================
error_prob  acc   acc2  acc2_nn   unique_msg  unique_msg_nn   avg_len avg_len_nn  max_rep max_rep_nn  act_vs  
0.00        0.83  0.84  0.84      46.20       46.20           2.50    2.50        1.44    1.44        9.80    
0.05        0.81  0.82  0.82      197.00      44.20           2.75    2.75        1.63    1.63        10.00   
0.10        0.82  0.82  0.82      293.80      41.20           2.73    2.73        1.72    1.72        10.00   
0.15        0.74  0.76  0.76      311.20      37.60           2.25    2.25        1.34    1.34        10.00   
0.20        0.78  0.78  0.78      392.00      35.00           2.35    2.35        1.42    1.42        10.00   
0.25        0.76  0.76  0.76      403.00      28.80           2.22    2.22        1.33    1.33        10.00   
0.30        0.76  0.77  0.77      462.40      32.20           2.19    2.19        1.24    1.24        10.00   
==============================================================================================================

max_len = 5
==============================================================================================================
error_prob  acc   acc2  acc2_nn   unique_msg  unique_msg_nn   avg_len avg_len_nn  max_rep max_rep_nn  act_vs  
0.00        0.83  0.83  0.83      40.80       40.80           2.22    2.22        1.29    1.29        10.00   
0.05        0.80  0.81  0.81      191.80      41.00           2.77    2.77        1.65    1.65        10.00   
0.10        0.81  0.81  0.81      350.60      44.20           3.16    3.16        1.87    1.87        10.00   
0.15        0.80  0.80  0.80      429.00      43.40           3.03    3.03        1.84    1.84        10.00   
0.20        0.79  0.79  0.79      524.20      36.60           3.11    3.11        1.77    1.77        10.00   
0.25        0.78  0.76  0.76      515.60      33.00           2.79    2.79        1.57    1.57        10.00   
0.30        0.78  0.76  0.76      644.00      36.00           2.92    2.92        1.50    1.50        10.00   
==============================================================================================================

max_len = 8
==============================================================================================================
error_prob  acc   acc2  acc2_nn   unique_msg  unique_msg_nn   avg_len avg_len_nn  max_rep max_rep_nn  act_vs  
0.00        0.81  0.82  0.82      43.60       43.60           2.09    2.09        1.24    1.24        10.00   
0.05        0.79  0.80  0.80      161.20      36.20           2.36    2.36        1.45    1.45        10.00   
0.10        0.79  0.81  0.81      318.40      37.60           2.92    2.92        1.72    1.72        10.00   
0.15        0.77  0.79  0.79      460.20      41.20           3.29    3.29        1.74    1.74        10.00   
0.20        0.77  0.79  0.79      579.20      40.60           3.54    3.54        1.85    1.85        10.00   
0.25        0.75  0.76  0.76      653.60      38.20           3.64    3.64        1.74    1.74        10.00   
0.30        0.75  0.72  0.72      742.00      38.80           3.79    3.79        1.77    1.77        10.00   
==============================================================================================================