
####################
#     deletion     #
####################

max_len = 2
==============================================================================================================
error_prob  acc   acc2  acc2_nn   unique_msg  unique_msg_nn   avg_len avg_len_nn  max_rep max_rep_nn  act_vs  
0.00        0.60  0.30  0.30      8.00        8.00            1.38    1.38        1.08    1.08        4.33    
0.05        0.72  0.55  0.57      16.00       9.67            1.43    1.52        1.00    1.00        7.33    
0.10        0.55  0.42  0.44      16.00       11.33           1.13    1.26        0.87    0.87        5.33    
0.15        0.49  0.38  0.41      7.33        4.33            1.15    1.36        0.99    0.99        3.67    
0.20        0.54  0.41  0.46      13.00       7.00            1.60    2.00        1.21    1.21        6.00    
0.25        0.52  0.41  0.48      8.33        4.00            1.49    2.00        1.36    1.36        4.33    
0.30        0.30  0.26  0.30      2.33        1.67            0.48    0.69        0.48    0.48        1.67    
==============================================================================================================

max_len = 3
==============================================================================================================
error_prob  acc   acc2  acc2_nn   unique_msg  unique_msg_nn   avg_len avg_len_nn  max_rep max_rep_nn  act_vs  
0.00        0.40  0.33  0.33      11.67       11.67           2.00    2.00        1.58    1.58        4.00    
0.05        0.49  0.42  0.43      11.67       4.00            1.89    2.00        1.24    1.24        4.00    
0.10        0.24  0.23  0.23      3.33        1.33            0.90    1.00        0.83    0.83        1.67    
0.15        0.53  0.47  0.50      21.67       8.67            1.69    2.00        1.39    1.39        4.33    
0.20        0.32  0.32  0.32      4.00        1.67            1.59    2.00        1.59    1.59        2.00    
0.25        0.33  0.32  0.33      7.00        2.00            2.23    3.00        2.23    2.23        3.00    
0.30        0.38  0.33  0.37      12.67       4.00            2.09    3.00        1.94    1.94        3.67    
==============================================================================================================

max_len = 4
==============================================================================================================
error_prob  acc   acc2  acc2_nn   unique_msg  unique_msg_nn   avg_len avg_len_nn  max_rep max_rep_nn  act_vs  
0.00        0.40  0.33  0.33      5.67        5.67            2.00    2.00        1.38    1.38        3.33    
0.05        0.52  0.45  0.46      26.67       10.33           3.17    3.33        2.26    2.26        5.00    
0.10        0.52  0.49  0.50      35.67       10.00           3.59    4.00        3.13    3.13        4.67    
0.15        0.59  0.56  0.58      36.33       9.33            2.86    3.36        2.37    2.37        6.00    
0.20        0.60  0.56  0.59      22.33       6.00            2.98    3.72        2.69    2.69        4.67    
0.25        0.64  0.58  0.63      50.00       12.67           1.99    2.67        1.54    1.54        6.33    
0.30        0.28  0.26  0.27      8.00        1.67            1.86    2.67        1.58    1.58        2.33    
==============================================================================================================

max_len = 5
==============================================================================================================
error_prob  acc   acc2  acc2_nn   unique_msg  unique_msg_nn   avg_len avg_len_nn  max_rep max_rep_nn  act_vs  
0.00        0.63  0.48  0.48      24.67       24.67           3.92    3.92        3.11    3.11        5.00    
0.05        0.35  0.33  0.33      12.00       4.33            2.21    2.33        1.72    1.72        3.33    
0.10        0.79  0.70  0.74      60.67       18.33           3.90    4.34        2.87    2.87        6.00    
0.15        0.66  0.61  0.63      66.00       15.33           3.49    4.09        2.45    2.45        5.33    
0.20        0.69  0.61  0.65      72.33       14.00           4.01    5.00        2.88    2.88        7.33    
0.25        0.41  0.38  0.41      31.67       7.33            3.74    5.00        3.28    3.28        3.33    
0.30        0.50  0.49  0.51      29.00       6.67            3.49    5.00        3.31    3.31        4.33    
==============================================================================================================

max_len = 8
==============================================================================================================
error_prob  acc   acc2  acc2_nn   unique_msg  unique_msg_nn   avg_len avg_len_nn  max_rep max_rep_nn  act_vs  
0.00        0.59  0.53  0.53      13.67       13.67           7.96    7.96        6.50    6.50        4.00    
0.05        0.70  0.65  0.66      44.00       12.67           7.17    7.55        5.32    5.32        4.33    
0.10        0.75  0.71  0.73      67.33       13.00           6.44    7.15        4.82    4.82        5.33    
0.15        0.47  0.43  0.45      61.00       13.33           4.70    5.50        4.17    4.17        4.00    
0.20        0.41  0.39  0.41      96.00       13.67           6.45    8.00        5.38    5.38        4.00    
0.25        0.31  0.31  0.31      27.67       5.33            5.19    6.89        5.02    5.02        3.33    
0.30        0.41  0.40  0.41      94.00       7.33            5.64    8.00        4.83    4.83        3.67    
==============================================================================================================

####################
#     erasure      #
####################

max_len = 2
==============================================================================================================
error_prob  acc   acc2  acc2_nn   unique_msg  unique_msg_nn   avg_len avg_len_nn  max_rep max_rep_nn  act_vs  
0.00        0.60  0.30  0.30      8.00        8.00            1.38    1.38        1.08    1.08        4.33    
0.05        0.83  0.40  0.41      25.67       13.67           1.61    1.61        1.22    1.22        9.00    
0.10        0.62  0.28  0.29      17.33       8.67            1.55    1.55        1.01    1.01        7.00    
0.15        0.70  0.41  0.45      21.00       9.00            1.99    1.99        1.41    1.41        8.33    
0.20        0.74  0.41  0.46      17.67       7.33            1.78    1.78        1.22    1.22        7.67    
0.25        0.51  0.32  0.36      16.00       7.33            2.00    2.00        1.30    1.30        6.33    
0.30        0.52  0.31  0.36      11.67       4.67            1.91    1.91        1.27    1.27        6.00    
==============================================================================================================

max_len = 3
==============================================================================================================
error_prob  acc   acc2  acc2_nn   unique_msg  unique_msg_nn   avg_len avg_len_nn  max_rep max_rep_nn  act_vs  
0.00        0.40  0.33  0.33      11.67       11.67           2.00    2.00        1.58    1.58        4.00    
0.05        0.52  0.35  0.35      16.33       5.00            2.00    2.00        1.64    1.64        4.67    
0.10        0.73  0.45  0.48      52.33       14.33           2.88    2.88        1.75    1.75        7.67    
0.15        0.80  0.54  0.57      54.00       16.00           2.60    2.60        1.53    1.53        7.00    
0.20        0.61  0.39  0.42      54.67       15.67           2.74    2.74        1.85    1.85        6.67    
0.25        0.76  0.50  0.58      43.67       10.00           2.93    2.93        1.68    1.68        6.67    
0.30        0.41  0.32  0.35      12.00       2.33            1.98    1.98        1.19    1.19        4.33    
==============================================================================================================

max_len = 4
==============================================================================================================
error_prob  acc   acc2  acc2_nn   unique_msg  unique_msg_nn   avg_len avg_len_nn  max_rep max_rep_nn  act_vs  
0.00        0.40  0.33  0.33      5.67        5.67            2.00    2.00        1.38    1.38        3.33    
0.05        0.53  0.45  0.46      55.50       15.00           4.00    4.00        2.02    2.02        6.50    
0.10        0.80  0.60  0.63      71.67       11.67           3.53    3.53        1.79    1.79        8.33    
0.15        0.63  0.45  0.49      110.00      23.00           3.97    3.97        2.26    2.26        7.67    
0.20        0.42  0.32  0.35      81.67       14.67           3.99    3.99        1.86    1.86        6.67    
0.25        0.78  0.58  0.64      150.00      21.50           3.83    3.83        2.22    2.22        9.00    
0.30        0.53  0.44  0.47      67.00       12.67           2.30    2.30        1.64    1.64        5.33    
==============================================================================================================

max_len = 5
==============================================================================================================
error_prob  acc   acc2  acc2_nn   unique_msg  unique_msg_nn   avg_len avg_len_nn  max_rep max_rep_nn  act_vs  
0.00        0.63  0.48  0.48      24.67       24.67           3.92    3.92        3.11    3.11        5.00    
0.05        0.54  0.42  0.43      37.00       6.67            3.78    3.78        2.91    2.91        4.33    
0.10        0.70  0.59  0.61      65.33       9.00            3.12    3.12        1.86    1.86        6.67    
0.15        0.86  0.75  0.78      260.00      37.50           5.00    5.00        2.46    2.46        9.00    
0.20        0.72  0.61  0.64      108.50      7.00            4.58    4.58        2.62    2.62        6.00    
0.25        0.40  0.38  0.40      83.50       6.50            4.73    4.73        2.92    2.92        4.50    
0.30        0.55  0.44  0.46      106.67      6.67            3.67    3.67        2.15    2.15        5.33    
==============================================================================================================

max_len = 8
==============================================================================================================
error_prob  acc   acc2  acc2_nn   unique_msg  unique_msg_nn   avg_len avg_len_nn  max_rep max_rep_nn  act_vs  
0.00        0.59  0.53  0.53      13.67       13.67           7.96    7.96        6.50    6.50        4.00    
0.05        0.58  0.53  0.54      101.00      6.00            8.00    8.00        4.32    4.32        6.00    
0.10        0.76  0.69  0.69      206.00      28.50           4.90    4.90        2.60    2.60        6.50    
0.15        0.28  0.28  0.28      51.50       1.50            4.56    4.56        3.37    3.37        3.00    
0.20        0.39  0.33  0.34      19.00       3.00            1.72    1.72        1.22    1.22        4.33    
0.25        0.57  0.45  0.48      156.00      8.50            3.74    3.74        2.12    2.12        4.00    
0.30        0.21  0.20  0.20      189.00      1.00            8.00    8.00        3.86    3.86        4.00    
==============================================================================================================

####################
#    symmetric     #
####################

max_len = 2
==============================================================================================================
error_prob  acc   acc2  acc2_nn   unique_msg  unique_msg_nn   avg_len avg_len_nn  max_rep max_rep_nn  act_vs  
0.00        0.60  0.30  0.30      8.00        8.00            1.38    1.38        1.08    1.08        4.33    
0.05        0.50  0.26  0.27      29.33       6.00            1.66    1.66        1.07    1.07        10.00   
0.10        0.37  0.21  0.22      30.67       3.00            1.57    1.57        1.12    1.12        10.00   
0.15        0.18  0.19  0.19      33.33       1.00            2.00    2.00        1.72    1.72        10.00   
0.20        0.31  0.20  0.20      38.00       2.67            1.57    1.57        1.23    1.23        10.00   
0.25        0.19  0.19  0.19      40.33       1.00            1.67    1.67        1.38    1.38        10.00   
0.30        0.32  0.24  0.25      6.67        1.67            0.49    0.49        0.49    0.49        7.00    
==============================================================================================================

max_len = 3
==============================================================================================================
error_prob  acc   acc2  acc2_nn   unique_msg  unique_msg_nn   avg_len avg_len_nn  max_rep max_rep_nn  act_vs  
0.00        0.40  0.33  0.33      11.67       11.67           2.00    2.00        1.58    1.58        4.00    
0.05        0.73  0.48  0.49      70.67       18.33           1.69    1.69        1.18    1.18        10.00   
0.10        0.39  0.29  0.30      51.33       3.67            1.51    1.51        1.19    1.19        7.00    
0.15        0.32  0.26  0.27      32.33       1.67            1.17    1.17        0.87    0.87        7.00    
0.20        0.62  0.31  0.34      174.67      5.67            2.81    2.81        1.90    1.90        10.00   
0.25        0.38  0.23  0.24      103.00      2.33            2.01    2.01        1.36    1.36        10.00   
0.30        0.19  0.19  0.19      112.00      1.00            2.00    2.00        1.33    1.33        7.00    
==============================================================================================================

max_len = 4
==============================================================================================================
error_prob  acc   acc2  acc2_nn   unique_msg  unique_msg_nn   avg_len avg_len_nn  max_rep max_rep_nn  act_vs  
0.00        0.40  0.33  0.33      5.67        5.67            2.00    2.00        1.38    1.38        3.33    
0.05        0.62  0.46  0.47      84.00       7.67            2.83    2.83        1.80    1.80        10.00   
0.10        0.63  0.50  0.52      119.00      6.33            2.81    2.81        1.72    1.72        10.00   
0.15        0.35  0.27  0.28      136.67      3.33            3.21    3.21        1.90    1.90        10.00   
0.20        0.19  0.19  0.19      64.00       1.00            2.00    2.00        1.66    1.66        10.00   
0.25        0.36  0.30  0.32      216.00      2.33            3.18    3.18        2.12    2.12        10.00   
0.30        0.19  0.19  0.19      309.00      1.00            4.00    4.00        2.49    2.49        10.00   
==============================================================================================================

max_len = 5
==============================================================================================================
error_prob  acc   acc2  acc2_nn   unique_msg  unique_msg_nn   avg_len avg_len_nn  max_rep max_rep_nn  act_vs  
0.00        0.63  0.48  0.48      24.67       24.67           3.92    3.92        3.11    3.11        5.00    
0.05        0.78  0.65  0.67      174.67      15.33           5.00    5.00        3.03    3.03        10.00   
0.10        0.65  0.51  0.54      230.33      9.00            4.96    4.96        2.92    2.92        10.00   
0.15        0.74  0.51  0.55      294.00      13.67           4.02    4.02        2.44    2.44        10.00   
0.20        0.19  0.19  0.19      177.00      1.00            3.33    3.33        1.99    1.99        7.00    
0.25        0.43  0.38  0.39      156.00      3.67            1.73    1.73        1.02    1.02        10.00   
0.30        0.31  0.25  0.26      170.33      1.67            2.56    2.56        1.71    1.71        10.00   
==============================================================================================================

max_len = 8
==============================================================================================================
error_prob  acc   acc2  acc2_nn   unique_msg  unique_msg_nn   avg_len avg_len_nn  max_rep max_rep_nn  act_vs  
0.00        0.59  0.53  0.53      13.67       13.67           7.96    7.96        6.50    6.50        4.00    
0.05        0.53  0.50  0.51      209.33      10.00           8.00    8.00        5.86    5.86        10.00   
0.10        0.72  0.65  0.67      396.67      18.00           6.84    6.84        4.17    4.17        10.00   
0.15        0.62  0.50  0.52      312.00      10.00           4.00    4.00        2.16    2.16        7.00    
0.20        0.76  0.69  0.73      595.00      31.00           6.04    6.04        3.00    3.00        10.00   
0.25        0.40  0.37  0.38      468.67      2.67            5.49    5.49        2.96    2.96        10.00   
0.30        0.19  0.19  0.19      9.00        1.00            1.00    1.00        1.00    1.00        10.00   
==============================================================================================================