
####################
#    symmetric     #
####################

max_len = 2
==============================================================================================
error_prob  acc   unique_msg  unique_msg_nn   avg_len avg_len_nn  max_rep max_rep_nn  act_vs  
0.00        0.73  11.20       11.20           1.54    1.54        -1.00   -1.00       6.00    
0.05        0.75  10.00       42.40           1.60    1.60        -1.00   -1.00       10.00   
0.10        0.67  8.60        48.60           1.63    1.63        -1.00   -1.00       10.00   
0.15        0.54  5.80        44.60           1.48    1.48        -1.00   -1.00       10.00   
0.20        0.39  3.00        45.60           1.62    1.62        -1.00   -1.00       10.00   
0.25        0.25  1.40        50.40           1.80    1.80        -1.00   -1.00       10.00   
0.30        0.39  2.80        46.40           1.00    1.00        -1.00   -1.00       8.20    
==============================================================================================

max_len = 3
==============================================================================================
error_prob  acc   unique_msg  unique_msg_nn   avg_len avg_len_nn  max_rep max_rep_nn  act_vs  
0.00        0.70  20.60       20.60           1.99    1.99        -1.00   -1.00       6.00    
0.05        0.76  18.80       88.80           2.32    2.32        -1.00   -1.00       10.00   
0.10        0.74  9.40        113.40          2.55    2.55        -1.00   -1.00       10.00   
0.15        0.68  6.60        127.80          2.34    2.34        -1.00   -1.00       10.00   
0.20        0.64  5.60        149.80          2.39    2.39        -1.00   -1.00       10.00   
0.25        0.56  5.60        165.40          2.47    2.47        -1.00   -1.00       10.00   
0.30        0.31  2.20        161.80          2.34    2.34        -1.00   -1.00       8.20    
==============================================================================================

max_len = 5
==============================================================================================
error_prob  acc   unique_msg  unique_msg_nn   avg_len avg_len_nn  max_rep max_rep_nn  act_vs  
0.00        0.79  25.40       25.40           3.64    3.64        -1.00   -1.00       5.80    
0.05        0.85  19.60       171.20          4.06    4.06        -1.00   -1.00       10.00   
0.10        0.85  20.60       273.20          4.06    4.06        -1.00   -1.00       10.00   
0.15        0.77  16.60       340.00          4.27    4.27        -1.00   -1.00       10.00   
0.20        0.57  8.20        242.80          2.50    2.50        -1.00   -1.00       8.20    
0.25        0.43  4.00        186.80          2.02    2.02        -1.00   -1.00       8.20    
0.30        0.57  5.20        375.00          3.46    3.46        -1.00   -1.00       10.00   
==============================================================================================

max_len = 10
==============================================================================================
error_prob  acc   unique_msg  unique_msg_nn   avg_len avg_len_nn  max_rep max_rep_nn  act_vs  
0.00        0.56  10.20       10.20           5.37    5.37        -1.00   -1.00       4.00    
0.05        0.66  42.00       245.20          5.64    5.64        -1.00   -1.00       8.20    
0.10        0.39  3.40        137.20          2.64    2.64        -1.00   -1.00       6.40    
0.15        0.54  11.80       426.40          6.17    6.17        -1.00   -1.00       8.20    
0.20        0.57  11.00       482.60          5.75    5.75        -1.00   -1.00       8.20    
0.25        0.28  2.40        274.20          3.49    3.49        -1.00   -1.00       6.40    
0.30        0.40  6.20        195.20          1.73    1.73        -1.00   -1.00       4.60    
==============================================================================================

####################
#     deletion     #
####################

max_len = 2
==============================================================================================
error_prob  acc   unique_msg  unique_msg_nn   avg_len avg_len_nn  max_rep max_rep_nn  act_vs  
0.00        0.73  11.20       11.20           1.54    1.54        -1.00   -1.00       6.00    
0.05        0.77  12.20       18.40           1.67    1.59        -1.00   -1.00       6.80    
0.10        0.66  11.20       16.60           1.43    1.29        -1.00   -1.00       6.40    
0.15        0.57  6.60        11.20           1.27    1.08        -1.00   -1.00       5.40    
0.20        0.54  5.40        10.00           1.34    1.08        -1.00   -1.00       5.20    
0.25        0.57  7.20        12.60           1.49    1.12        -1.00   -1.00       6.20    
0.30        0.25  1.40        2.20            0.81    0.57        -1.00   -1.00       1.60    
==============================================================================================

max_len = 3
==============================================================================================
error_prob  acc   unique_msg  unique_msg_nn   avg_len avg_len_nn  max_rep max_rep_nn  act_vs  
0.00        0.70  20.60       20.60           1.99    1.99        -1.00   -1.00       6.00    
0.05        0.77  15.40       31.80           2.20    2.09        -1.00   -1.00       6.60    
0.10        0.61  9.00        23.20           2.00    1.81        -1.00   -1.00       5.40    
0.15        0.64  9.80        24.00           2.09    1.78        -1.00   -1.00       5.80    
0.20        0.63  11.20       27.20           2.35    1.89        -1.00   -1.00       5.60    
0.25        0.24  1.40        4.40            2.40    1.81        -1.00   -1.00       2.00    
0.30        0.51  4.80        13.80           2.71    1.90        -1.00   -1.00       4.20    
==============================================================================================

max_len = 5
==============================================================================================
error_prob  acc   unique_msg  unique_msg_nn   avg_len avg_len_nn  max_rep max_rep_nn  act_vs  
0.00        0.79  25.40       25.40           3.64    3.64        -1.00   -1.00       5.80    
0.05        0.74  15.80       45.80           3.12    2.96        -1.00   -1.00       5.60    
0.10        0.84  20.40       79.80           4.40    3.96        -1.00   -1.00       6.60    
0.15        0.80  18.60       91.20           4.76    4.02        -1.00   -1.00       7.00    
0.20        0.74  16.80       79.80           4.34    3.45        -1.00   -1.00       6.60    
0.25        0.57  9.80        45.00           4.69    3.51        -1.00   -1.00       5.00    
0.30        0.54  8.80        48.20           4.94    3.44        -1.00   -1.00       5.00    
==============================================================================================

max_len = 10
==============================================================================================
error_prob  acc   unique_msg  unique_msg_nn   avg_len avg_len_nn  max_rep max_rep_nn  act_vs  
0.00        0.56  10.20       10.20           5.37    5.37        -1.00   -1.00       4.00    
0.05        0.48  7.00        32.20           4.61    4.37        -1.00   -1.00       3.40    
0.10        0.56  15.20       78.80           6.02    5.42        -1.00   -1.00       4.00    
0.15        0.47  6.60        50.80           6.45    5.50        -1.00   -1.00       3.00    
0.20        0.49  9.20        60.00           6.47    5.19        -1.00   -1.00       3.00    
0.25        0.42  9.00        70.00           8.00    6.00        -1.00   -1.00       3.40    
0.30        0.62  8.80        102.20          6.53    4.59        -1.00   -1.00       5.00    
==============================================================================================

####################
#     erasure      #
####################

max_len = 2
==============================================================================================
error_prob  acc   unique_msg  unique_msg_nn   avg_len avg_len_nn  max_rep max_rep_nn  act_vs  
0.00        0.73  11.20       11.20           1.54    1.54        -1.00   -1.00       6.00    
0.05        0.84  16.80       30.80           1.70    1.70        -1.00   -1.00       8.60    
0.10        0.74  15.00       27.80           1.68    1.68        -1.00   -1.00       8.00    
0.15        0.72  12.40       24.80           1.58    1.58        -1.00   -1.00       7.80    
0.20        0.65  9.20        21.00           1.79    1.79        -1.00   -1.00       7.40    
0.25        0.66  9.80        21.20           1.65    1.65        -1.00   -1.00       7.60    
0.30        0.57  5.80        14.60           1.54    1.54        -1.00   -1.00       5.80    
==============================================================================================

max_len = 3
==============================================================================================
error_prob  acc   unique_msg  unique_msg_nn   avg_len avg_len_nn  max_rep max_rep_nn  act_vs  
0.00        0.70  20.60       20.60           1.99    1.99        -1.00   -1.00       6.00    
0.05        0.78  24.00       60.40           2.47    2.47        -1.00   -1.00       7.80    
0.10        0.85  21.60       73.20           2.67    2.67        -1.00   -1.00       8.20    
0.15        0.71  17.20       59.00           2.10    2.10        -1.00   -1.00       7.20    
0.20        0.60  16.00       60.80           2.13    2.13        -1.00   -1.00       6.40    
0.25        0.72  13.80       58.60           2.43    2.43        -1.00   -1.00       7.20    
0.30        0.58  10.60       38.80           2.01    2.01        -1.00   -1.00       5.20    
==============================================================================================

max_len = 5
==============================================================================================
error_prob  acc   unique_msg  unique_msg_nn   avg_len avg_len_nn  max_rep max_rep_nn  act_vs  
0.00        0.79  25.40       25.40           3.64    3.64        -1.00   -1.00       5.80    
0.05        0.73  18.60       84.20           4.16    4.16        -1.00   -1.00       7.00    
0.10        0.73  12.00       83.40           3.54    3.54        -1.00   -1.00       6.80    
0.15        0.62  13.00       103.00          3.55    3.55        -1.00   -1.00       6.60    
0.20        0.60  7.20        72.00           2.55    2.55        -1.00   -1.00       4.60    
0.25        0.74  10.20       100.60          2.64    2.64        -1.00   -1.00       5.40    
0.30        0.62  8.60        160.20          3.55    3.55        -1.00   -1.00       6.60    
==============================================================================================

max_len = 10
==============================================================================================
error_prob  acc   unique_msg  unique_msg_nn   avg_len avg_len_nn  max_rep max_rep_nn  act_vs  
0.00        0.56  10.20       10.20           5.37    5.37        -1.00   -1.00       4.00    
0.05        0.65  24.20       118.20          6.00    6.00        -1.00   -1.00       6.00    
0.10        0.73  17.00       293.80          8.80    8.80        -1.00   -1.00       5.40    
0.15        0.72  17.40       315.60          7.55    7.55        -1.00   -1.00       6.20    
0.20        0.58  11.40       348.80          6.57    6.57        -1.00   -1.00       5.40    
0.25        0.72  14.40       486.40          7.14    7.14        -1.00   -1.00       6.40    
0.30        0.69  27.40       466.60          6.64    6.64        -1.00   -1.00       5.20    
==============================================================================================