
####################
#     erasure      #
####################

max_len = 2
==============================================================================================================
error_prob  acc   acc2  acc2_nn   unique_msg  unique_msg_nn   avg_len avg_len_nn  max_rep max_rep_nn  act_vs  
0.00        0.88  0.40  0.40      17.00       17.00           1.75    1.75        0.99    0.99        9.33    
0.05        0.82  0.53  0.56      27.00       12.33           1.96    1.96        1.18    1.18        10.67   
0.10        0.87  0.37  0.40      33.00       17.00           1.81    1.81        1.13    1.13        10.50   
0.15        0.80  0.49  0.55      25.00       11.33           1.68    1.68        1.18    1.18        9.67    
0.20        0.78  0.44  0.51      29.00       15.00           1.69    1.69        1.02    1.02        9.67    
0.25        0.74  0.37  0.45      17.50       7.00            1.48    1.48        0.96    0.96        8.50    
0.30        0.60  0.23  0.27      15.33       6.67            1.75    1.75        1.06    1.06        7.33    
==============================================================================================================

max_len = 3
==============================================================================================================
error_prob  acc   acc2  acc2_nn   unique_msg  unique_msg_nn   avg_len avg_len_nn  max_rep max_rep_nn  act_vs  
0.00        0.80  0.52  0.52      15.33       15.33           2.47    2.47        1.42    1.42        7.67    
0.05        0.82  0.53  0.55      39.67       12.00           2.54    2.54        1.43    1.43        9.67    
0.10        0.74  0.53  0.56      42.00       10.00           2.58    2.58        1.49    1.49        7.50    
0.15        0.85  0.58  0.63      57.33       16.33           2.08    2.08        1.30    1.30        9.67    
0.20        0.83  0.53  0.60      57.50       13.00           2.61    2.61        1.40    1.40        9.00    
0.25        0.79  0.55  0.61      48.00       10.50           2.47    2.47        1.41    1.41        9.00    
0.30        0.72  0.48  0.56      47.00       10.50           2.29    2.29        1.37    1.37        8.50    
==============================================================================================================

max_len = 4
==============================================================================================================
error_prob  acc   acc2  acc2_nn   unique_msg  unique_msg_nn   avg_len avg_len_nn  max_rep max_rep_nn  act_vs  
0.00        0.78  0.56  0.56      9.00        9.00            2.81    2.81        1.84    1.84        7.33    
0.05        0.85  0.60  0.62      76.00       19.33           3.40    3.40        1.56    1.56        8.67    
0.10        0.85  0.65  0.66      87.67       17.00           3.27    3.27        1.67    1.67        8.67    
0.15        0.73  0.53  0.56      56.50       7.50            2.88    2.88        1.31    1.31        9.00    
0.20        0.79  0.64  0.62      63.00       8.00            2.71    2.71        1.49    1.49        10.00   
0.25        0.83  0.62  0.69      108.00      19.00           2.71    2.71        1.54    1.54        9.00    
0.30        0.75  0.55  0.59      83.33       9.00            3.44    3.44        1.78    1.78        9.00    
==============================================================================================================

max_len = 5
==============================================================================================================
error_prob  acc   acc2  acc2_nn   unique_msg  unique_msg_nn   avg_len avg_len_nn  max_rep max_rep_nn  act_vs  
0.00        0.70  0.56  0.56      6.00        6.00            2.98    2.98        2.19    2.19        6.00    
0.05        0.84  0.70  0.71      76.00       14.33           3.76    3.76        1.71    1.71        9.33    
0.10        0.81  0.70  0.72      129.33      18.33           4.42    4.42        2.33    2.33        8.67    
0.15        0.72  0.59  0.61      85.33       8.00            3.42    3.42        1.80    1.80        9.00    
0.20        0.77  0.62  0.67      134.00      8.00            4.30    4.30        1.32    1.32        9.50    
0.25        0.80  0.53  0.55      118.00      11.00           3.15    3.15        1.69    1.69        8.50    
0.30        0.79  0.64  0.68      163.67      11.33           3.74    3.74        1.79    1.79        8.00    
==============================================================================================================

max_len = 8
==============================================================================================================
error_prob  acc   acc2  acc2_nn   unique_msg  unique_msg_nn   avg_len avg_len_nn  max_rep max_rep_nn  act_vs  
0.00        0.81  0.64  0.64      14.50       14.50           5.41    5.41        3.09    3.09        7.50    
0.05        0.83  0.65  0.66      66.00       11.67           3.70    3.70        2.54    2.54        7.67    
0.10        0.88  0.77  0.78      223.50      19.50           5.73    5.73        2.81    2.81        8.00    
0.15        0.76  0.58  0.60      101.50      7.50            3.36    3.36        1.44    1.44        6.50    
0.20        0.76  0.64  0.66      262.67      17.00           5.04    5.04        2.51    2.51        6.67    
0.25        0.77  0.59  0.61      291.67      21.00           4.36    4.36        2.10    2.10        6.00    
0.30        0.71  0.53  0.54      299.67      15.67           5.06    5.06        1.77    1.77        7.33    
==============================================================================================================

####################
#    symmetric     #
####################

max_len = 2
==============================================================================================================
error_prob  acc   acc2  acc2_nn   unique_msg  unique_msg_nn   avg_len avg_len_nn  max_rep max_rep_nn  act_vs  
0.00        0.88  0.40  0.40      17.00       17.00           1.75    1.75        0.99    0.99        9.33    
0.05        0.79  0.20  0.20      47.00       10.67           1.64    1.64        1.07    1.07        10.00   
0.10        0.85  0.11  0.11      63.00       14.00           1.42    1.42        0.96    0.96        10.00   
0.15        0.76  0.12  0.12      65.00       9.67            1.42    1.42        1.00    1.00        10.00   
0.20        0.82  0.07  0.08      69.33       10.33           1.35    1.35        0.95    0.95        10.00   
0.25        0.79  0.07  0.08      73.67       9.67            1.40    1.40        0.88    0.88        10.00   
0.30        0.65  0.10  0.10      68.00       5.33            1.32    1.32        0.90    0.90        10.00   
==============================================================================================================

max_len = 3
==============================================================================================================
error_prob  acc   acc2  acc2_nn   unique_msg  unique_msg_nn   avg_len avg_len_nn  max_rep max_rep_nn  act_vs  
0.00        0.80  0.52  0.52      15.33       15.33           2.47    2.47        1.42    1.42        7.67    
0.05        0.83  0.45  0.48      98.00       12.00           2.45    2.45        1.34    1.34        10.00   
0.10        0.80  0.26  0.27      119.00      9.33            2.25    2.25        1.36    1.36        10.00   
0.15        0.84  0.25  0.28      170.00      13.33           2.25    2.25        1.24    1.24        10.00   
0.20        0.75  0.36  0.41      187.67      7.33            2.41    2.41        1.27    1.27        10.00   
0.25        0.74  0.15  0.16      224.33      8.67            2.43    2.43        1.39    1.39        10.00   
0.30        0.69  0.10  0.10      152.33      5.67            1.63    1.63        0.88    0.88        10.00   
==============================================================================================================

max_len = 4
==============================================================================================================
error_prob  acc   acc2  acc2_nn   unique_msg  unique_msg_nn   avg_len avg_len_nn  max_rep max_rep_nn  act_vs  
0.00        0.78  0.56  0.56      9.00        9.00            2.81    2.81        1.84    1.84        7.33    
0.05        0.76  0.66  0.67      79.00       7.00            2.59    2.59        2.04    2.04        10.00   
0.10        0.65  0.25  0.26      116.67      8.00            2.48    2.48        1.21    1.21        10.00   
0.15        0.70  0.35  0.37      148.33      8.00            2.36    2.36        1.18    1.18        10.00   
0.20        0.73  0.27  0.29      128.67      7.33            1.85    1.85        1.09    1.09        10.00   
0.25        0.79  0.41  0.47      308.67      10.33           2.95    2.95        1.50    1.50        10.00   
0.30        0.64  0.22  0.22      174.33      4.67            1.88    1.88        0.94    0.94        10.00   
==============================================================================================================

max_len = 5
==============================================================================================================
error_prob  acc   acc2  acc2_nn   unique_msg  unique_msg_nn   avg_len avg_len_nn  max_rep max_rep_nn  act_vs  
0.00        0.70  0.56  0.56      6.00        6.00            2.98    2.98        2.19    2.19        6.00    
0.05        0.86  0.71  0.73      178.00      32.33           4.04    4.04        2.35    2.35        10.00   
0.10        0.78  0.51  0.54      220.00      11.67           3.83    3.83        1.75    1.75        10.00   
0.15        0.74  0.47  0.51      263.00      16.00           3.36    3.36        1.66    1.66        10.00   
0.20        0.63  0.40  0.41      198.33      7.00            2.36    2.36        1.24    1.24        10.00   
0.25        0.76  0.37  0.40      327.67      8.67            3.06    3.06        1.45    1.45        10.00   
0.30        0.77  0.29  0.31      329.33      10.00           2.70    2.70        1.24    1.24        10.00   
==============================================================================================================

max_len = 8
==============================================================================================================
error_prob  acc   acc2  acc2_nn   unique_msg  unique_msg_nn   avg_len avg_len_nn  max_rep max_rep_nn  act_vs  
0.00        0.81  0.64  0.64      14.50       14.50           5.41    5.41        3.09    3.09        7.50    
0.05        0.75  0.63  0.64      145.00      7.67            4.39    4.39        1.64    1.64        10.00   
0.10        0.62  0.41  0.41      182.33      9.33            3.61    3.61        1.70    1.70        10.00   
0.15        0.68  0.46  0.47      290.33      5.67            4.19    4.19        2.20    2.20        10.00   
0.20        0.66  0.43  0.45      232.00      5.33            2.84    2.84        1.20    1.20        10.00   
0.25        0.68  0.59  0.62      414.00      6.00            4.21    4.21        1.89    1.89        10.00   
0.30        0.78  0.67  0.69      556.00      14.00           4.67    4.67        1.89    1.89        10.00   
==============================================================================================================

####################
#     deletion     #
####################

max_len = 2
==============================================================================================================
error_prob  acc   acc2  acc2_nn   unique_msg  unique_msg_nn   avg_len avg_len_nn  max_rep max_rep_nn  act_vs  
0.00        0.88  0.40  0.40      17.00       17.00           1.75    1.75        0.99    0.99        9.33    
0.05        0.85  0.63  0.65      21.67       15.67           1.62    1.71        1.23    1.23        8.33    
0.10        0.77  0.53  0.57      15.33       8.33            1.51    1.68        0.96    0.96        9.33    
0.15        0.83  0.58  0.65      21.67       13.33           1.61    1.89        1.16    1.16        9.00    
0.20        0.77  0.55  0.67      15.00       8.00            1.36    1.71        1.07    1.07        8.67    
0.25        0.69  0.46  0.57      12.00       6.67            1.16    1.54        0.96    0.96        7.67    
0.30        0.77  0.47  0.64      17.00       10.00           1.22    1.74        0.98    0.98        8.50    
==============================================================================================================

max_len = 3
==============================================================================================================
error_prob  acc   acc2  acc2_nn   unique_msg  unique_msg_nn   avg_len avg_len_nn  max_rep max_rep_nn  act_vs  
0.00        0.80  0.52  0.52      15.33       15.33           2.47    2.47        1.42    1.42        7.67    
0.05        0.80  0.67  0.69      22.33       10.33           2.18    2.29        1.46    1.46        8.00    
0.10        0.74  0.57  0.61      20.33       10.33           2.07    2.29        1.37    1.37        5.00    
0.15        0.75  0.54  0.58      16.67       7.67            1.85    2.17        1.41    1.41        7.67    
0.20        0.75  0.60  0.65      25.00       8.00            1.94    2.41        1.43    1.43        8.67    
0.25        0.77  0.49  0.58      15.33       7.67            1.24    1.66        0.96    0.96        8.00    
0.30        0.64  0.51  0.59      17.00       5.33            1.59    2.27        1.18    1.18        7.67    
==============================================================================================================

max_len = 4
==============================================================================================================
error_prob  acc   acc2  acc2_nn   unique_msg  unique_msg_nn   avg_len avg_len_nn  max_rep max_rep_nn  act_vs  
0.00        0.78  0.56  0.56      9.00        9.00            2.81    2.81        1.84    1.84        7.33    
0.05        0.80  0.60  0.61      19.67       8.33            2.08    2.19        1.33    1.33        7.00    
0.10        0.71  0.55  0.58      32.00       9.00            2.47    2.76        1.50    1.50        6.67    
0.15        0.85  0.76  0.80      46.33       13.33           2.40    2.81        1.67    1.67        9.00    
0.20        0.80  0.67  0.72      38.67       13.00           2.18    2.72        1.72    1.72        7.33    
0.25        0.66  0.48  0.53      18.67       5.67            1.74    2.31        1.35    1.35        6.33    
0.30        0.75  0.58  0.67      27.67       8.33            1.80    2.58        1.36    1.36        7.67    
==============================================================================================================

max_len = 5
==============================================================================================================
error_prob  acc   acc2  acc2_nn   unique_msg  unique_msg_nn   avg_len avg_len_nn  max_rep max_rep_nn  act_vs  
0.00        0.70  0.56  0.56      6.00        6.00            2.98    2.98        2.19    2.19        6.00    
0.05        0.79  0.61  0.63      26.00       8.67            2.31    2.43        1.27    1.27        6.67    
0.10        0.81  0.71  0.73      43.33       11.67           2.84    3.15        1.93    1.93        8.67    
0.15        0.72  0.62  0.64      19.00       6.67            2.33    2.75        2.02    2.02        6.00    
0.20        0.70  0.62  0.64      25.67       8.00            1.95    2.43        1.73    1.73        6.67    
0.25        0.80  0.59  0.65      40.67       14.67           1.73    2.32        1.39    1.39        8.33    
0.30        0.69  0.59  0.65      41.00       11.00           2.18    3.13        1.75    1.75        7.33    
==============================================================================================================

max_len = 8
==============================================================================================================
error_prob  acc   acc2  acc2_nn   unique_msg  unique_msg_nn   avg_len avg_len_nn  max_rep max_rep_nn  act_vs  
0.00        0.81  0.64  0.64      14.50       14.50           5.41    5.41        3.09    3.09        7.50    
0.05        0.86  0.74  0.76      80.00       24.33           4.49    4.73        2.76    2.76        8.00    
0.10        0.82  0.74  0.76      118.00      31.67           4.26    4.73        2.81    2.81        5.67    
0.15        0.70  0.50  0.52      16.00       7.00            1.43    1.67        1.21    1.21        6.33    
0.20        0.70  0.59  0.60      36.00       6.67            2.43    3.01        1.74    1.74        7.67    
0.25        0.71  0.67  0.70      36.67       6.33            3.17    4.22        2.77    2.77        7.67    
0.30        0.73  0.67  0.72      53.50       6.50            3.26    4.61        2.61    2.61        8.50    
==============================================================================================================